87
85
85
87
87
85
85
86
85
84
83
82
83
82
80
81
82
82
81
81
84
86
87
88
90
95
98
97
93
92
90
85
81
80
82
81
79
80
81
80
80
80
73
57
78
156
224
187
97
77
69
41
21
24
42
63
75
79
82
83
85
84
84
86
87
86
86
88
89
89
88
90
92
92
93
93
96
97
98
100
104
106
108
111
116
120
123
125
129
133
136
136
138
140
139
134
129
126
121
115
109
105
101
97
93
93
91
89
88
89
90
90
88
89
90
91
91
89
89
91
90
87
87
89
89
87
87
89
87
87
86
87
87
87
86
86
87
87
85
86
86
86
85
85
87
90
90
90
92
94
99
100
100
99
96
91
87
86
85
83
81
84
85
83
82
84
83
77
61
77
157
230
184
96
79
65
33
20
32
55
72
79
81
85
86
85
87
89
87
87
88
89
90
88
90
94
95
95
95
98
100
101
101
104
109
113
115
119
124
127
131
133
134
138
141
141
141
142
138
132
128
126
121
115
108
106
102
97
95
93
92
90
87
90
90
89
87
89
92
89
87
90
92
92
87
86
89
91
87
84
85
86
85
87
86
83
81
84
83
80
85
87
84
87
93
95
95
97
93
87
85
82
78
80
79
78
78
79
80
77
76
68
62
114
204
198
87
49
47
28
17
19
35
57
71
75
76
77
78
82
81
82
84
84
82
83
84
86
84
84
87
90
90
89
91
96
98
97
98
101
105
107
108
110
114
117
118
119
121
121
118
117
116
110
104
100
95
93
87
85
85
84
83
86
88
88
87
87
87
90
90
88
87
88
87
84
82
82
82
81
80
78
78
78
77
76
77
76
73
74
76
77
76
76
78
80
81
82
87
91
88
84
81
82
77
74
71
71
71
73
71
71
71
71
69
67
54
50
98
179
208
132
81
69
42
16
10
22
44
60
67
64
63
66
66
65
65
69
72
74
73
74
78
76
73
72
78
84
80
81
87
88
86
88
92
96
100
102
104
107
111
114
116
120
122
121
123
123
123
121
118
115
110
104
97
94
90
84
80
77
77
75
74
75
72
66
66
68
68
73
78
77
75
80
83
78
76
79
79
78
77
80
81
80
77
76
78
81
83
83
84
87
90
92
95
94
89
85
85
82
80
78
78
78
79
78
81
84
81
78
66
62
110
189
213
140
85
79
60
32
23
34
53
71
83
86
84
84
89
90
85
87
92
91
86
91
94
92
95
95
93
96
102
103
105
106
109
114
117
122
124
128
131
134
141
143
141
144
147
148
145
138
136
130
123
117
113
108
108
106
101
102
101
98
97
99
103
100
98
101
102
102
102
102
102
101
99
98
102
103
100
101
109
108
104
110
116
112
109
110
108
107
102
97
98
97
96
94
94
99
99
96
98
97
97
96
99
97
97
99
97
95
99
101
98
98
100
99
96
95
97
98
97
96
97
97
97
98
98
98
97
96
99
100
97
91
87
90
93
92
87
93
95
93
92
97
100
99
98
92
92
98
98
93
97
101
98
99
104
104
103
100
100
102
105
105
106
109
107
106
108
109
111
109
106
107
109
110
109
107
108
111
109
105
107
110
110
106
99
98
104
101
100
111
116
118
126
124
116
114
109
109
108
108
107
105
107
109
106
100
91
91
149
229
238
152
111
98
67
45
46
64
85
101
104
104
108
109
109
111
109
111
113
114
115
114
114
117
117
116
118
121
122
121
122
124
126
127
128
130
130
130
131
136
137
138
141
144
147
149
151
152
155
161
161
161
162
161
157
154
153
148
144
141
139
137
132
129
129
129
127
125
123
126
126
123
120
121
121
119
117
117
118
118
117
119
118
119
123
126
126
123
119
116
113
110
108
106
105
105
105
104
104
105
104
102
103
104
105
103
103
104
104
103
103
104
104
103
102
102
103
103
102
100
102
103
100
99
101
102
102
101
102
102
101
100
101
102
101
100
101
102
102
100
99
101
102
101
100
100
101
100
100
100
100
101
100
99
100
101
100
99
100
101
100
99
99
101
100
98
99
100
100
99
99
101
100
100
99
100
101
100
100
100
101
101
100
100
102
102
103
104
106
109
113
116
115
114
111
107
103
101
98
97
96
96
97
95
94
96
94
82
70
111
198
240
168
102
92
64
34
31
45
66
81
86
88
91
92
92
93
95
93
93
94
95
96
94
95
97
98
98
98
100
103
103
103
104
107
108
108
110
112
114
116
117
118
122
124
125
127
131
131
131
131
132
128
124
119
118
115
110
107
104
103
102
98
100
101
100
100
99
99
99
97
96
96
96
94
94
93
94
95
94
95
99
102
104
103
100
98
93
87
85
84
82
81
80
81
80
79
80
81
80
79
78
80
79
79
78
79
80
78
76
78
79
79
78
78
79
78
77
77
78
78
78
76
77
79
79
79
79
79
79
77
78
79
79
78
78
79
77
77
77
78
81
80
79
80
80
80
79
79
81
80
79
78
80
81
80
79
80
82
81
79
80
81
82
79
81
82
82
81
80
81
82
81
80
80
83
82
80
80
82
82
79
80
83
85
86
84
88
95
97
96
94
94
91
85
81
80
80
78
77
78
78
77
76
77
75
62
54
109
199
220
128
71
64
41
14
12
27
48
63
67
69
72
73
72
73
75
76
73
73
77
78
77
77
79
80
80
80
83
84
85
86
87
90
92
93
94
98
100
101
103
107
109
110
110
113
116
117
116
115
114
111
107
102
98
95
90
86
85
82
83
80
80
81
83
80
80
82
83
81
80
81
81
79
77
77
78
76
74
75
76
77
78
79
81
84
88
87
85
82
80
74
70
70
69
67
66
67
67
66
66
66
68
68
66
68
68
68
67
68
68
68
67
67
68
70
67
67
69
71
69
67
69
69
69
69
70
71
70
69
69
73
72
71
70
71
