47
49
49
47
47
49
47
46
47
49
49
49
50
50
53
57
56
53
53
51
49
47
50
50
47
51
53
41
27
39
88
153
208
233
122
30
17
20
29
43
50
52
54
54
58
59
58
61
59
60
65
66
68
68
71
75
77
81
85
90
91
93
95
95
94
89
82
73
63
55
51
49
49
46
45
45
40
46
47
45
46
46
47
46
45
46
47
46
45
47
49
46
46
47
47
45
47
43
47
45
44
44
43
45
45
47
44
47
46
45
44
46
47
46
46
47
46
47
45
49
49
50
50
52
54
54
52
50
47
44
47
49
47
47
46
49
33
23
39
91
160
214
224
86
16
15
26
38
47
48
48
50
49
54
58
56
56
55
59
59
62
64
67
68
72
75
78
82
85
91
92
95
93
89
84
77
65
58
55
49
45
45
41
43
43
39
42
42
42
42
41
43
45
43
42
42
45
45
45
43
44
46
44
44
45
46
42
45
46
47
45
40
44
45
47
44
46
42
44
45
45
47
44
46
45
45
50
49
49
49
53
55
55
52
53
50
46
45
47
46
49
47
50
35
23
38
95
166
216
219
79
13
18
30
47
52
50
49
49
54
53
57
56
56
59
59
63
63
67
69
70
73
78
80
85
87
94
97
93
93
94
86
80
66
60
54
57
48
43
43
46
47
43
43
44
47
47
44
45
49
45
43
45
48
45
48
52
46
46
49
46
47
43
45
46
45
47
44
45
48
47
45
51
47
46
46
46
47
47
49
50
47
47
51
50
50
54
56
57
56
55
49
49
49
47
47
49
49
50
50
32
24
45
99
170
218
219
79
15
15
27
43
51
49
48
53
51
53
54
54
56
58
58
58
61
63
65
66
72
73
78
80
84
87
92
90
94
93
86
80
68
59
54
51
46
45
42
43
43
41
40
41
45
43
45
43
43
44
46
45
45
45
45
46
45
46
45
45
47
46
42
45
45
47
45
46
45
47
47
46
48
47
45
48
48
50
50
54
54
58
56
55
54
49
49
51
49
48
50
50
55
48
28
29
74
147
211
236
128
31
16
19
30
46
53
51
58
58
56
58
57
61
61
65
67
68
69
70
72
77
81
82
87
92
95
96
100
97
97
95
86
74
66
58
57
54
47
46
47
46
45
45
48
47
43
44
48
49
48
47
53
45
47
47
49
48
49
43
50
50
47
47
48
48
45
43
45
49
49
46
45
50
47
47
50
45
50
49
50
51
54
59
58
58
50
49
53
49
42
43
53
50
47
51
32
22
43
103
183
226
219
74
10
15
28
47
53
47
50
54
57
59
54
58
57
61
64
62
62
73
74
71
77
82
84
90
91
95
99
98
99
91
88
80
71
61
54
50
53
51
47
48
48
48
47
49
49
46
46
45
46
47
48
50
53
49
50
49
50
53
51
50
54
52
52
49
50
50
50
50
49
51
49
50
52
51
52
54
53
53
56
61
58
56
55
53
53
50
51
49
54
56
51
50
54
31
24
47
107
190
230
222
75
16
17
28
47
53
53
51
54
56
58
59
58
62
63
63
63
68
72
73
74
79
81
85
89
91
95
97
98
99
92
85
76
67
60
54
51
49
46
46
46
42
45
45
44
47
46
46
46
46
46
46
47
47
47
49
49
45
48
50
46
49
46
48
46
47
45
46
47
50
45
49
50
51
55
55
56
53
50
50
49
46
46
46
45
47
45
47
48
31
28
62
124
197
232
172
45
13
15
22
31
45
51
51
53
52
54
55
56
59
61
62
63
62
65
69
70
74
77
82
88
90
91
96
96
95
92
82
71
62
56
50
45
45
45
44
43
41
40
43
42
45
44
45
46
45
45
46
46
47
47
47
47
45
50
47
47
47
46
45
48
47
46
49
49
51
54
58
56
53
54
45
45
47
46
42
49
47
45
47
50
32
23
45
109
188
227
226
69
20
15
16
28
42
49
50
52
54
55
56
59
58
59
62
65
68
68
70
75
78
82
86
89
95
99
99
99
96
91
79
71
62
55
51
49
46
43
45
43
44
42
43
45
45
44
44
44
47
46
49
48
48
48
47
47
49
47
49
49
48
49
47
48
50
51
53
55
57
56
53
50
50
48
45
46
47
47
47
47
49
49
29
26
46
103
174
224
240
101
24
13
19
28
42
48
50
50
53
55
55
57
62
60
59
58
61
65
66
70
73
77
83
86
92
97
99
100
99
91
84
74
63
56
50
46
45
42
41
42
41
43
40
41
41
42
46
44
45
44
45
47
45
45
47
45
49
45
46
49
45
45
46
47
47
47
47
49
53
54
57
53
49
48
45
45
45
45
46
45
47
47
49
28
23
46
103
177
226
220
69
15
15
24
35
45
47
49
50
53
53
54
58
58
57
61
61
63
66
69
72
76
79
85
89
92
96
98
100
98
92
84
73
63
54
50
47
45
44
45
42
41
42
43
42
41
43
45
43
43
45
45
47
45
45
46
46
46
46
46
45
45
45
44
43
44
43
46
45
45
45
45
45
45
45
45
47
46
47
46
45
47
45
48
50
50
54
55
54
50
49
49
48
47
45
46
47
47
47
49
31
23
47
104
177
223
221
74
14
15
28
42
48
49
49
51
53
54
54
57
57
58
59
61
64
66
66
70
74
75
80
84
89
92
94
96
94
91
83
76
65
57
52
49
45
43
43
43
44
42
43
43
43
44
43
43
46
45
46
45
46
46
46
47
45
45
45
46
45
44
45
46
47
45
45
44
43
45
45
44
45
46
44
45
47
45
47
48
46
46
47
46
46
46
48
49
48
49
48
48
49
49
49
51
50
49
48
50
51
51
53
55
57
58
55
54
52
51
50
50
50
49
50
50
52
32
25
53
118
190
226
216
74
19
19
30
40
50
50
50
52
53
54
58
58
57
59
60
61
