79
85
91
93
100
101
104
103
102
103
103
108
109
103
100
98
90
87
83
84
80
83
78
81
80
81
76
77
78
80
80
78
86
122
191
196
92
16
52
71
67
71
73
72
70
73
72
77
81
86
87
94
90
96
95
100
100
102
100
108
109
103
102
94
90
85
79
75
78
71
72
70
77
77
78
81
84
84
79
79
82
127
197
184
65
29
56
65
71
74
70
73
74
75
78
79
83
86
85
89
96
94
98
99
91
95
101
98
97
94
89
87
79
79
75
75
75
80
75
76
72
77
76
77
71
72
95
151
218
150
32
39
64
68
59
62
66
63
73
75
78
83
85
86
87
89
86
88
88
91
89
94
90
87
79
72
74
70
71
67
68
70
71
71
75
72
73
75
75
73
79
124
188
211
118
24
37
62
64
64
62
64
64
65
68
73
76
80
82
81
87
87
90
86
86
87
91
93
95
97
96
92
86
81
80
78
80
77
81
86
83
71
74
78
78
83
81
81
86
121
185
235
155
36
48
75
76
74
80
74
74
72
80
81
85
88
89
90
92
96
97
101
99
94
89
95
95
100
100
99
96
95
88
86
84
83
83
83
81
79
80
80
80
77
81
82
82
76
89
129
196
240
147
34
50
71
71
70
70
70
70
70
72
77
78
81
85
85
90
90
91
91
91
86
79
86
84
88
89
90
89
88
85
82
79
80
74
75
72
70
61
71
76
74
71
73
73
75
76
77
104
157
223
188
65
20
59
67
70
68
69
65
67
66
67
74
73
77
80
86
82
90
90
93
90
84
82
88
91
94
96
95
91
86
83
77
77
73
75
71
72
73
74
73
69
73
72
76
69
87
137
210
208
86
19
63
72
72
72
77
75
78
79
76
77
78
83
80
77
78
79
80
86
90
91
94
99
96
96
99
98
89
82
79
76
78
78
79
77
81
81
78
81
79
78
76
81
80
85
85
87
93
140
200
221
99
18
62
81
77
74
73
68
72
71
75
72
83
81
79
78
84
81
92
87
84
90
95
104
105
112
112
112
108
101
96
97
89
83
85
82
80
84
84
84
87
90
94
96
92
90
91
87
85
85
87
86
79
76
74
76
71
74
69
70
69
68
62
67
96
162
208
134
24
25
50
55
67
65
66
65
69
68
70
71
73
73
74
76
79
77
83
83
86
89
89
93
95
95
94
92
88
88
81
77
77
77
79
78
82
81
85
83
82
77
79
78
79
77
80
79
79
81
79
81
84
88
81
82
84
84
83
82
79
80
80
81
80
74
73
71
74
70
71
68
62
68
112
178
197
116
18
23
45
60
63
66
65
68
68
68
68
72
70
75
76
80
83
88
90
88
93
95
97
94
94
98
98
98
101
98
95
92
86
84
81
81
78
81
78
80
78
81
79
83
86
86
83
87
83
79
85
86
90
89
91
89
91
89
87
85
79
82
77
74
72
75
75
75
74
73
63
71
112
183
198
118
17
30
55
68
72
71
74
72
77
74
76
75
77
81
83
82
87
92
95
102
104
106
104
108
107
111
105
100
90
88
89
88
84
83
89
86
80
79
78
77
78
78
80
79
83
82
84
81
82
81
83
82
90
89
90
92
88
95
87
86
78
80
77
78
76
77
76
79
83
78
76
67
66
79
135
198
174
57
21
44
67
73
74
72
72
69
73
70
71
78
75
78
78
84
92
99
102
111
114
113
111
116
109
103
102
93
91
86
87
82
77
81
80
80
81
84
84
79
77
77
77
83
78
80
82
86
85
90
89
92
93
91
89
91
89
83
84
83
84
78
75
75
78
76
74
72
66
63
96
160
207
160
45
30
49
69
66
70
69
72
76
73
74
78
83
83
87
89
88
91
97
98
106
107
111
111
112
110
108
106
98
95
93
89
84
83
76
81
74
81
79
81
82
82
79
84
88
79
80
74
77
77
82
81
84
83
87
92
86
84
83
81
83
80
80
83
80
80
75
76
76
77
72
76
68
64
80
135
205
190
82
22
44
60
64
64
66
66
66
67
69
75
77
78
81
83
85
90
91
98
99
103
106
111
107
107
99
92
87
84
85
76
71
73
75
75
73
77
79
73
76
78
77
76
78
77
75
76
74
75
73
77
75
80
82
92
80
82
79
78
78
78
79
79
82
76
73
70
77
71
74
69
71
67
62
72
118
187
205
109
16
33
51
64
64
68
67
71
72
72
69
69
74
76
77
77
81
83
88
92
98
100
102
106
110
104
106
104
96
93
91
86
80
77
74
75
75
75
77
74
67
73
69
70
67
67
67
69
74
72
72
74
71
69
68
70
73
70
74
74
78
83
79
81
76
75
69
75
74
79
72
63
58
59
61
61
67
62
58
55
77
128
201
183
74
10
28
50
56
59
56
55
58
62
62
63
60
63
64
66
69
73
81
84
84
88
91
97
100
102
98
94
94
90
89
81
73
70
69
65
67
61
60
63
67
67
66
66
65
68
66
68
67
68
68
68
67
71
69
69
65
68
70
69
72
73
78
80
82
78
77
80
87
73
69
75
72
69
62
67
66
66
67
72
68
70
62
78
122
197
202
89
14
31
53
58
68
60
64
65
65
66
71
71
70
70
73
78
86
82
79
91
101
106
103
106
107
108
101
99
93
91
84
83
84
82
78
79
77
78
79
75
76
74
76
77
78
75
71
71
75
79
78
78
78
83
76
78
78
78
76
78
77
80
84
84
89
88
92
88
87
79
82
80
83
78
77
74
76
76
77
77
76
70
66
99
157
221
187
64
19
50
63
70
69
72
71
69
75
78
77
76
78
80
81
79
83
85
94
98
103
108
109
109
112
115
110
108
104
99
93
91
88
85
83
83
83
83
82
83
82
80
75
74
75
75
76
76
80
79
84
83
83
83
82
81
81
80
79
80
81
92
90
